7.777409987964400624e-10 7.000000000000000000e+01 8.530883300000000702e+01 1.039656700000000029e+02 1.267027099999999962e+02 1.544122900000000129e+02 1.881818900000000099e+02 2.293368199999999888e+02 2.794922399999999811e+02 3.406165199999999800e+02 4.151085400000000050e+02 5.058917799999999829e+02 6.165291099999999460e+02 7.513625500000000557e+02 9.156837399999999434e+02 1.115941600000000108e+03 1.359995300000000043e+03 1.657423099999999977e+03 2.019897500000000036e+03 2.461644299999999930e+03 3.000000000000000000e+03
1.589204603826000126e-09 7.000000000000000000e+01 8.530883300000000702e+01 1.039656700000000029e+02 1.267027099999999962e+02 1.544122900000000129e+02 1.881818900000000099e+02 2.293368199999999888e+02 2.794922399999999811e+02 3.406165199999999800e+02 4.151085400000000050e+02 5.058917799999999829e+02 6.165291099999999460e+02 7.513625500000000557e+02 9.156837399999999434e+02 1.115941600000000108e+03 1.359995300000000043e+03 1.657423099999999977e+03 2.019897500000000036e+03 2.461644299999999930e+03 3.000000000000000000e+03
3.247316763665800554e-09 7.000000000000000000e+01 8.530883300000000702e+01 1.039656700000000029e+02 1.267027099999999962e+02 1.544122900000000129e+02 1.881818900000000099e+02 2.293368199999999888e+02 2.794922399999999811e+02 3.406165199999999800e+02 4.151085400000000050e+02 5.058917799999999829e+02 6.165291099999999460e+02 7.513625500000000557e+02 9.156837399999999434e+02 1.115941600000000108e+03 1.359995300000000043e+03 1.657423099999999977e+03 2.019897500000000036e+03 2.461644299999999930e+03 3.000000000000000000e+03
6.635436153972499741e-09 7.000000000000000000e+01 8.530883300000000702e+01 1.039656700000000029e+02 1.267027099999999962e+02 1.544122900000000129e+02 1.881818900000000099e+02 2.293368199999999888e+02 2.794922399999999811e+02 3.406165199999999800e+02 4.151085400000000050e+02 5.058917799999999829e+02 6.165291099999999460e+02 7.513625500000000557e+02 9.156837399999999434e+02 1.115941600000000108e+03 1.359995300000000043e+03 1.657423099999999977e+03 2.019897500000000036e+03 2.461644299999999930e+03 3.000000000000000000e+03
1.355858306167400109e-08 7.000000000000000000e+01 8.530883300000000702e+01 1.039656700000000029e+02 1.267027099999999962e+02 1.544122900000000129e+02 1.881818900000000099e+02 2.293368199999999888e+02 2.794922399999999811e+02 3.406165199999999800e+02 4.151085400000000050e+02 5.058917799999999829e+02 6.165291099999999460e+02 7.513625500000000557e+02 9.156837399999999434e+02 1.115941600000000108e+03 1.359995300000000043e+03 1.657423099999999977e+03 2.019897500000000036e+03 2.461644299999999930e+03 3.000000000000000000e+03
2.770506233752600200e-08 7.000000000000000000e+01 8.530883300000000702e+01 1.039656700000000029e+02 1.267027099999999962e+02 1.544122900000000129e+02 1.881818900000000099e+02 2.293368199999999888e+02 2.794922399999999811e+02 3.406165199999999800e+02 4.151085400000000050e+02 5.058917799999999829e+02 6.165291099999999460e+02 7.513625500000000557e+02 9.156837399999999434e+02 1.115941600000000108e+03 1.359995300000000043e+03 1.657423099999999977e+03 2.019897500000000036e+03 2.461644299999999930e+03 3.000000000000000000e+03
5.661140833757500287e-08 7.000000000000000000e+01 8.530883300000000702e+01 1.039656700000000029e+02 1.267027099999999962e+02 1.544122900000000129e+02 1.881818900000000099e+02 2.293368199999999888e+02 2.794922399999999811e+02 3.406165199999999800e+02 4.151085400000000050e+02 5.058917799999999829e+02 6.165291099999999460e+02 7.513625500000000557e+02 9.156837399999999434e+02 1.115941600000000108e+03 1.359995300000000043e+03 1.657423099999999977e+03 2.019897500000000036e+03 2.461644299999999930e+03 3.000000000000000000e+03
1.156774718222900151e-07 7.000000000000000000e+01 8.530883300000000702e+01 1.039656700000000029e+02 1.267027099999999962e+02 1.544122900000000129e+02 1.881818900000000099e+02 2.293368199999999888e+02 2.794922399999999811e+02 3.406165199999999800e+02 4.151085400000000050e+02 5.058917799999999829e+02 6.165291099999999460e+02 7.513625500000000557e+02 9.156837399999999434e+02 1.115941600000000108e+03 1.359995300000000043e+03 1.657423099999999977e+03 2.019897500000000036e+03 2.461644299999999930e+03 3.000000000000000000e+03
2.363706837151800211e-07 7.000000000000000000e+01 8.530883300000000702e+01 1.039656700000000029e+02 1.267027099999999962e+02 1.544122900000000129e+02 1.881818900000000099e+02 2.293368199999999888e+02 2.794922399999999811e+02 3.406165199999999800e+02 4.151085400000000050e+02 5.058917799999999829e+02 6.165291099999999460e+02 7.513625500000000557e+02 9.156837399999999434e+02 1.115941600000000108e+03 1.359995300000000043e+03 1.657423099999999977e+03 2.019897500000000036e+03 2.461644299999999930e+03 3.000000000000000000e+03
4.829903357930700234e-07 7.000000000000000000e+01 8.530883300000000702e+01 1.039656700000000029e+02 1.267027099999999962e+02 1.544122900000000129e+02 1.881818900000000099e+02 2.293368199999999888e+02 2.794922399999999811e+02 3.406165199999999800e+02 4.151085400000000050e+02 5.058917799999999829e+02 6.165291099999999460e+02 7.513625500000000557e+02 9.156837399999999434e+02 1.115941600000000108e+03 1.359995300000000043e+03 1.657423099999999977e+03 2.019897500000000036e+03 2.461644299999999930e+03 3.000000000000000000e+03
9.869230000000000290e-07 7.000000000000000000e+01 8.530883300000000702e+01 1.039656700000000029e+02 1.267027099999999962e+02 1.544122900000000129e+02 1.881818900000000099e+02 2.293368199999999888e+02 2.794922399999999811e+02 3.406165199999999800e+02 4.151085400000000050e+02 5.058917799999999829e+02 6.165291099999999460e+02 7.513625500000000557e+02 9.156837399999999434e+02 1.115941600000000108e+03 1.359995300000000043e+03 1.657423099999999977e+03 2.019897500000000036e+03 2.461644299999999930e+03 3.000000000000000000e+03
2.016638685203100215e-06 7.000000000000000000e+01 8.530883300000000702e+01 1.039656700000000029e+02 1.267027099999999962e+02 1.544122900000000129e+02 1.881818900000000099e+02 2.293368199999999888e+02 2.794922399999999811e+02 3.406165199999999800e+02 4.151085400000000050e+02 5.058917799999999829e+02 6.165291099999999460e+02 7.513625500000000557e+02 9.156837399999999434e+02 1.115941600000000108e+03 1.359995300000000043e+03 1.657423099999999977e+03 2.019897500000000036e+03 2.461644299999999930e+03 3.000000000000000000e+03
4.120718254744700073e-06 7.000000000000000000e+01 8.530883300000000702e+01 1.039656700000000029e+02 1.267027099999999962e+02 1.544122900000000129e+02 1.881818900000000099e+02 2.293368199999999888e+02 2.794922399999999811e+02 3.406165199999999800e+02 4.151085400000000050e+02 5.058917799999999829e+02 6.165291099999999460e+02 7.513625500000000557e+02 9.156837399999999434e+02 1.115941600000000108e+03 1.359995300000000043e+03 1.657423099999999977e+03 2.019897500000000036e+03 2.461644299999999930e+03 3.000000000000000000e+03
8.420109740255500116e-06 7.000000000000000000e+01 8.530883300000000702e+01 1.039656700000000029e+02 1.267027099999999962e+02 1.544122900000000129e+02 1.881818900000000099e+02 2.293368199999999888e+02 2.794922399999999811e+02 3.406165199999999800e+02 4.151085400000000050e+02 5.058917799999999829e+02 6.165291099999999460e+02 7.513625500000000557e+02 9.156837399999999434e+02 1.115941600000000108e+03 1.359995300000000043e+03 1.657423099999999977e+03 2.019897500000000036e+03 2.461644299999999930e+03 3.000000000000000000e+03
1.720531289282400128e-05 7.000000000000000000e+01 8.530883300000000702e+01 1.039656700000000029e+02 1.267027099999999962e+02 1.544122900000000129e+02 1.881818900000000099e+02 2.293368199999999888e+02 2.794922399999999811e+02 3.406165199999999800e+02 4.151085400000000050e+02 5.058917799999999829e+02 6.165291099999999460e+02 7.513625500000000557e+02 9.156837399999999434e+02 1.115941600000000108e+03 1.359995300000000043e+03 1.657423099999999977e+03 2.019897500000000036e+03 2.461644299999999930e+03 3.000000000000000000e+03
3.515664384211700428e-05 7.000000000000000000e+01 8.530883300000000702e+01 1.039656700000000029e+02 1.267027099999999962e+02 1.544122900000000129e+02 1.881818900000000099e+02 2.293368199999999888e+02 2.794922399999999811e+02 3.406165199999999800e+02 4.151085400000000050e+02 5.058917799999999829e+02 6.165291099999999460e+02 7.513625500000000557e+02 9.156837399999999434e+02 1.115941600000000108e+03 1.359995300000000043e+03 1.657423099999999977e+03 2.019897500000000036e+03 2.461644299999999930e+03 3.000000000000000000e+03
7.183766921157401075e-05 7.000000000000000000e+01 8.530883300000000702e+01 1.039656700000000029e+02 1.267027099999999962e+02 1.544122900000000129e+02 1.881818900000000099e+02 2.293368199999999888e+02 2.794922399999999811e+02 3.406165199999999800e+02 4.151085400000000050e+02 5.058917799999999829e+02 6.165291099999999460e+02 7.513625500000000557e+02 9.156837399999999434e+02 1.115941600000000108e+03 1.359995300000000043e+03 1.657423099999999977e+03 2.019897500000000036e+03 2.461644299999999930e+03 3.000000000000000000e+03
1.467901996588300191e-04 7.000000000000000000e+01 8.530883300000000702e+01 1.039656700000000029e+02 1.267027099999999962e+02 1.544122900000000129e+02 1.881818900000000099e+02 2.293368199999999888e+02 2.794922399999999811e+02 3.406165199999999800e+02 4.151085400000000050e+02 5.058917799999999829e+02 6.165291099999999460e+02 7.513625500000000557e+02 9.156837399999999434e+02 1.115941600000000108e+03 1.359995300000000043e+03 1.657423099999999977e+03 2.019897500000000036e+03 2.461644299999999930e+03 3.000000000000000000e+03
2.999451841754200072e-04 7.000000000000000000e+01 8.530883300000000702e+01 1.039656700000000029e+02 1.267027099999999962e+02 1.544122900000000129e+02 1.881818900000000099e+02 2.293368199999999888e+02 2.794922399999999811e+02 3.406165199999999800e+02 4.151085400000000050e+02 5.058917799999999829e+02 6.165291099999999460e+02 7.513625500000000557e+02 9.156837399999999434e+02 1.115941600000000108e+03 1.359995300000000043e+03 1.657423099999999977e+03 2.019897500000000036e+03 2.461644299999999930e+03 3.000000000000000000e+03
6.128959014756200831e-04 7.000000000000000000e+01 8.530883300000000702e+01 1.039656700000000029e+02 1.267027099999999962e+02 1.544122900000000129e+02 1.881818900000000099e+02 2.293368199999999888e+02 2.794922399999999811e+02 3.406165199999999800e+02 4.151085400000000050e+02 5.058917799999999829e+02 6.165291099999999460e+02 7.513625500000000557e+02 9.156837399999999434e+02 1.115941600000000108e+03 1.359995300000000043e+03 1.657423099999999977e+03 2.019897500000000036e+03 2.461644299999999930e+03 3.000000000000000000e+03
1.252366797003000038e-03 7.000000000000000000e+01 8.530883300000000702e+01 1.039656700000000029e+02 1.267027099999999962e+02 1.544122900000000129e+02 1.881818900000000099e+02 2.293368199999999888e+02 2.794922399999999811e+02 3.406165199999999800e+02 4.151085400000000050e+02 5.058917799999999829e+02 6.165291099999999460e+02 7.513625500000000557e+02 9.156837399999999434e+02 1.115941600000000108e+03 1.359995300000000043e+03 1.657423099999999977e+03 2.019897500000000036e+03 2.461644299999999930e+03 3.000000000000000000e+03
2.559035873927399934e-03 7.000000000000000000e+01 8.530883300000000702e+01 1.039656700000000029e+02 1.267027099999999962e+02 1.544122900000000129e+02 1.881818900000000099e+02 2.293368199999999888e+02 2.794922399999999811e+02 3.406165199999999800e+02 4.151085400000000050e+02 5.058917799999999829e+02 6.165291099999999460e+02 7.513625500000000557e+02 9.156837399999999434e+02 1.115941600000000108e+03 1.359995300000000043e+03 1.657423099999999977e+03 2.019897500000000036e+03 2.461644299999999930e+03 3.000000000000000000e+03
5.229030809898700151e-03 7.000000000000000000e+01 8.530883300000000702e+01 1.039656700000000029e+02 1.267027099999999962e+02 1.544122900000000129e+02 1.881818900000000099e+02 2.293368199999999888e+02 2.794922399999999811e+02 3.406165199999999800e+02 4.151085400000000050e+02 5.058917799999999829e+02 6.165291099999999460e+02 7.513625500000000557e+02 9.156837399999999434e+02 1.115941600000000108e+03 1.359995300000000043e+03 1.657423099999999977e+03 2.019897500000000036e+03 2.461644299999999930e+03 3.000000000000000000e+03
1.068479059874100079e-02 7.000000000000000000e+01 8.530883300000000702e+01 1.039656700000000029e+02 1.267027099999999962e+02 1.544122900000000129e+02 1.881818900000000099e+02 2.293368199999999888e+02 2.794922399999999811e+02 3.406165199999999800e+02 4.151085400000000050e+02 5.058917799999999829e+02 6.165291099999999460e+02 7.513625500000000557e+02 9.156837399999999434e+02 1.115941600000000108e+03 1.359995300000000043e+03 1.657423099999999977e+03 2.019897500000000036e+03 2.461644299999999930e+03 3.000000000000000000e+03
2.183287147444900114e-02 7.000000000000000000e+01 8.530883300000000702e+01 1.039656700000000029e+02 1.267027099999999962e+02 1.544122900000000129e+02 1.881818900000000099e+02 2.293368199999999888e+02 2.794922399999999811e+02 3.406165199999999800e+02 4.151085400000000050e+02 5.058917799999999829e+02 6.165291099999999460e+02 7.513625500000000557e+02 9.156837399999999434e+02 1.115941600000000108e+03 1.359995300000000043e+03 1.657423099999999977e+03 2.019897500000000036e+03 2.461644299999999930e+03 3.000000000000000000e+03
4.461241034665099775e-02 7.000000000000000000e+01 8.530883300000000702e+01 1.039656700000000029e+02 1.267027099999999962e+02 1.544122900000000129e+02 1.881818900000000099e+02 2.293368199999999888e+02 2.794922399999999811e+02 3.406165199999999800e+02 4.151085400000000050e+02 5.058917799999999829e+02 6.165291099999999460e+02 7.513625500000000557e+02 9.156837399999999434e+02 1.115941600000000108e+03 1.359995300000000043e+03 1.657423099999999977e+03 2.019897500000000036e+03 2.461644299999999930e+03 3.000000000000000000e+03
9.115920161637799946e-02 7.000000000000000000e+01 8.530883300000000702e+01 1.039656700000000029e+02 1.267027099999999962e+02 1.544122900000000129e+02 1.881818900000000099e+02 2.293368199999999888e+02 2.794922399999999811e+02 3.406165199999999800e+02 4.151085400000000050e+02 5.058917799999999829e+02 6.165291099999999460e+02 7.513625500000000557e+02 9.156837399999999434e+02 1.115941600000000108e+03 1.359995300000000043e+03 1.657423099999999977e+03 2.019897500000000036e+03 2.461644299999999930e+03 3.000000000000000000e+03
1.862710377431400222e-01 7.000000000000000000e+01 8.530883300000000702e+01 1.039656700000000029e+02 1.267027099999999962e+02 1.544122900000000129e+02 1.881818900000000099e+02 2.293368199999999888e+02 2.794922399999999811e+02 3.406165199999999800e+02 4.151085400000000050e+02 5.058917799999999829e+02 6.165291099999999460e+02 7.513625500000000557e+02 9.156837399999999434e+02 1.115941600000000108e+03 1.359995300000000043e+03 1.657423099999999977e+03 2.019897500000000036e+03 2.461644299999999930e+03 3.000000000000000000e+03
3.806187375029200237e-01 7.000000000000000000e+01 8.530883300000000702e+01 1.039656700000000029e+02 1.267027099999999962e+02 1.544122900000000129e+02 1.881818900000000099e+02 2.293368199999999888e+02 2.794922399999999811e+02 3.406165199999999800e+02 4.151085400000000050e+02 5.058917799999999829e+02 6.165291099999999460e+02 7.513625500000000557e+02 9.156837399999999434e+02 1.115941600000000108e+03 1.359995300000000043e+03 1.657423099999999977e+03 2.019897500000000036e+03 2.461644299999999930e+03 3.000000000000000000e+03
7.777409987964399862e-01 7.000000000000000000e+01 8.530883300000000702e+01 1.039656700000000029e+02 1.267027099999999962e+02 1.544122900000000129e+02 1.881818900000000099e+02 2.293368199999999888e+02 2.794922399999999811e+02 3.406165199999999800e+02 4.151085400000000050e+02 5.058917799999999829e+02 6.165291099999999460e+02 7.513625500000000557e+02 9.156837399999999434e+02 1.115941600000000108e+03 1.359995300000000043e+03 1.657423099999999977e+03 2.019897500000000036e+03 2.461644299999999930e+03 3.000000000000000000e+03
1.589204603826000151e+00 7.000000000000000000e+01 8.530883300000000702e+01 1.039656700000000029e+02 1.267027099999999962e+02 1.544122900000000129e+02 1.881818900000000099e+02 2.293368199999999888e+02 2.794922399999999811e+02 3.406165199999999800e+02 4.151085400000000050e+02 5.058917799999999829e+02 6.165291099999999460e+02 7.513625500000000557e+02 9.156837399999999434e+02 1.115941600000000108e+03 1.359995300000000043e+03 1.657423099999999977e+03 2.019897500000000036e+03 2.461644299999999930e+03 3.000000000000000000e+03
3.247316763665800465e+00 7.000000000000000000e+01 8.530883300000000702e+01 1.039656700000000029e+02 1.267027099999999962e+02 1.544122900000000129e+02 1.881818900000000099e+02 2.293368199999999888e+02 2.794922399999999811e+02 3.406165199999999800e+02 4.151085400000000050e+02 5.058917799999999829e+02 6.165291099999999460e+02 7.513625500000000557e+02 9.156837399999999434e+02 1.115941600000000108e+03 1.359995300000000043e+03 1.657423099999999977e+03 2.019897500000000036e+03 2.461644299999999930e+03 3.000000000000000000e+03
6.635436153972500861e+00 7.000000000000000000e+01 8.530883300000000702e+01 1.039656700000000029e+02 1.267027099999999962e+02 1.544122900000000129e+02 1.881818900000000099e+02 2.293368199999999888e+02 2.794922399999999811e+02 3.406165199999999800e+02 4.151085400000000050e+02 5.058917799999999829e+02 6.165291099999999460e+02 7.513625500000000557e+02 9.156837399999999434e+02 1.115941600000000108e+03 1.359995300000000043e+03 1.657423099999999977e+03 2.019897500000000036e+03 2.461644299999999930e+03 3.000000000000000000e+03
1.355858306167400151e+01 7.000000000000000000e+01 8.530883300000000702e+01 1.039656700000000029e+02 1.267027099999999962e+02 1.544122900000000129e+02 1.881818900000000099e+02 2.293368199999999888e+02 2.794922399999999811e+02 3.406165199999999800e+02 4.151085400000000050e+02 5.058917799999999829e+02 6.165291099999999460e+02 7.513625500000000557e+02 9.156837399999999434e+02 1.115941600000000108e+03 1.359995300000000043e+03 1.657423099999999977e+03 2.019897500000000036e+03 2.461644299999999930e+03 3.000000000000000000e+03
2.770506233752600522e+01 7.000000000000000000e+01 8.530883300000000702e+01 1.039656700000000029e+02 1.267027099999999962e+02 1.544122900000000129e+02 1.881818900000000099e+02 2.293368199999999888e+02 2.794922399999999811e+02 3.406165199999999800e+02 4.151085400000000050e+02 5.058917799999999829e+02 6.165291099999999460e+02 7.513625500000000557e+02 9.156837399999999434e+02 1.115941600000000108e+03 1.359995300000000043e+03 1.657423099999999977e+03 2.019897500000000036e+03 2.461644299999999930e+03 3.000000000000000000e+03
5.661140833757500701e+01 7.000000000000000000e+01 8.530883300000000702e+01 1.039656700000000029e+02 1.267027099999999962e+02 1.544122900000000129e+02 1.881818900000000099e+02 2.293368199999999888e+02 2.794922399999999811e+02 3.406165199999999800e+02 4.151085400000000050e+02 5.058917799999999829e+02 6.165291099999999460e+02 7.513625500000000557e+02 9.156837399999999434e+02 1.115941600000000108e+03 1.359995300000000043e+03 1.657423099999999977e+03 2.019897500000000036e+03 2.461644299999999930e+03 3.000000000000000000e+03
1.156774718222900020e+02 7.000000000000000000e+01 8.530883300000000702e+01 1.039656700000000029e+02 1.267027099999999962e+02 1.544122900000000129e+02 1.881818900000000099e+02 2.293368199999999888e+02 2.794922399999999811e+02 3.406165199999999800e+02 4.151085400000000050e+02 5.058917799999999829e+02 6.165291099999999460e+02 7.513625500000000557e+02 9.156837399999999434e+02 1.115941600000000108e+03 1.359995300000000043e+03 1.657423099999999977e+03 2.019897500000000036e+03 2.461644299999999930e+03 3.000000000000000000e+03
2.363706837151800073e+02 7.000000000000000000e+01 8.530883300000000702e+01 1.039656700000000029e+02 1.267027099999999962e+02 1.544122900000000129e+02 1.881818900000000099e+02 2.293368199999999888e+02 2.794922399999999811e+02 3.406165199999999800e+02 4.151085400000000050e+02 5.058917799999999829e+02 6.165291099999999460e+02 7.513625500000000557e+02 9.156837399999999434e+02 1.115941600000000108e+03 1.359995300000000043e+03 1.657423099999999977e+03 2.019897500000000036e+03 2.461644299999999930e+03 3.000000000000000000e+03
4.829903357930700167e+02 7.000000000000000000e+01 8.530883300000000702e+01 1.039656700000000029e+02 1.267027099999999962e+02 1.544122900000000129e+02 1.881818900000000099e+02 2.293368199999999888e+02 2.794922399999999811e+02 3.406165199999999800e+02 4.151085400000000050e+02 5.058917799999999829e+02 6.165291099999999460e+02 7.513625500000000557e+02 9.156837399999999434e+02 1.115941600000000108e+03 1.359995300000000043e+03 1.657423099999999977e+03 2.019897500000000036e+03 2.461644299999999930e+03 3.000000000000000000e+03
9.869230000000001155e+02 7.000000000000000000e+01 8.530883300000000702e+01 1.039656700000000029e+02 1.267027099999999962e+02 1.544122900000000129e+02 1.881818900000000099e+02 2.293368199999999888e+02 2.794922399999999811e+02 3.406165199999999800e+02 4.151085400000000050e+02 5.058917799999999829e+02 6.165291099999999460e+02 7.513625500000000557e+02 9.156837399999999434e+02 1.115941600000000108e+03 1.359995300000000043e+03 1.657423099999999977e+03 2.019897500000000036e+03 2.461644299999999930e+03 3.000000000000000000e+03
